1000	53865
2000	118980
3000	185447
4000	258380
5000	338233
6000	404563
7000	481876
8000	566931
9000	634969
10000	723638
11000	790244
12000	888388
13000	1193630
14000	1084075
15000	1138369
16000	1212427
17000	1291529
18000	1384364
19000	1464775
20000	1573858
21000	1642220
22000	1773472
23000	1805911
24000	1945870
25000	2335401
26000	2065696
27000	2150733
28000	2237534
29000	2329828
30000	2408258
31000	2515682
32000	2607396
33000	2702910
34000	2794884
35000	3587057
36000	3586933
37000	3977746
38000	3538671
39000	3491006
40000	3435536
41000	3601908
42000	3683532
43000	4141715
44000	4330561
45000	3832481
46000	3944884
47000	4013431
48000	4121560
49000	4214308
50000	4317696
51000	4406784
52000	4489643
53000	4568518
54000	4695359
55000	4766809
56000	4864447
57000	5011538
58000	5067388
59000	5172503
60000	5305726
61000	5431002
62000	5505508
63000	5573470
64000	5645344
65000	5756485
66000	5853347
67000	5943262
68000	6039021
69000	6123901
70000	6204143
71000	6348313
72000	6493317
73000	6525581
74000	6660812
75000	6756681
76000	6859330
77000	7019827
78000	7221706
79000	7157848
80000	7270991
81000	7283233
82000	7445192
83000	7508985
84000	7696691
85000	7685203
86000	7755941
87000	7904511
88000	8036932
89000	8161568
90000	8222266
91000	8347011
92000	8359856
93000	8497116
94000	8602373
95000	8706057
96000	8798370
97000	8876803
98000	9036584
99000	9066926
100000	9201493
101000	9302187
102000	9689505
103000	10522310
104000	9557472
105000	9874021
106000	9775389
107000	9907935
108000	10936945
109000	10073594
110000	10187158
111000	10297980
112000	10450868
113000	10495920
114000	10575300
115000	10732500
116000	10845573
117000	10904369
118000	11056535
119000	11157501
120000	11276175
121000	11461665
122000	11777581
123000	12060643
124000	11995366
125000	12053441
126000	12103434
127000	12124925
128000	12263130
129000	12193942
130000	12269390
131000	12358507
132000	12530755
133000	12660869
134000	12814335
135000	12922451
136000	12926981
137000	12995451
138000	13072603
139000	13230072
140000	13337006
141000	13477816
142000	13619205
143000	13689078
144000	14021869
145000	14058346
146000	14374597
147000	14377138
148000	14391399
149000	14425729
150000	14420575
151000	14576002
152000	15849044
153000	16553585
154000	15017701
155000	15241952
156000	15182249
157000	15216250
158000	15414138
159000	15414657
160000	15496840
161000	15718345
162000	15796631
163000	15905743
164000	16060509
165000	16104466
166000	16208553
167000	16323414
168000	17199958
169000	16511153
170000	16685411
171000	16710092
172000	16799354
173000	17842178
174000	17593549
175000	17373169
176000	17302061
177000	17334062
178000	17502152
179000	17667216
180000	17883000
181000	17914734
182000	17992708
183000	18156207
184000	18348529
185000	18278264
186000	18416193
187000	18568359
188000	19028023
189000	18987916
190000	18926183
191000	18977691
192000	19132918
193000	19246073
194000	19409756
195000	19623526
196000	19631239
197000	19689596
198000	19818417
199000	19891747
200000	19927736
201000	20063791
202000	20206650
203000	20367359
204000	20542564
205000	20802762
206000	20788495
207000	20692148
208000	20783223
209000	20891103
210000	21024065
211000	21195170
212000	21352924
213000	21442561
214000	21566887
215000	21647209
216000	21801856
217000	21977976
218000	22079479
219000	22195900
220000	22317611
221000	23329343
222000	22552598
223000	22617307
224000	22709031
225000	22755451
226000	22873852
227000	23065285
228000	23243232
229000	23348616
230000	23525264
231000	23639423
232000	23704723
233000	23654022
234000	25700044
235000	23869939
236000	24077581
237000	24219644
238000	24299168
239000	24366480
240000	24516702
241000	24637098
242000	24716705
243000	26509230
244000	24949628
245000	25127691
246000	25275516
247000	25434050
248000	25502431
249000	25659105
250000	25668414
251000	25911039
252000	25976875
253000	25999909
254000	26139493
255000	26247129
256000	26644348
257000	26481098
258000	26737079
259000	26693775
260000	26788570
261000	26975330
262000	27108538
263000	27265565
264000	27417481
265000	27567823
266000	27635810
267000	27748629
268000	27772790
269000	27906222
270000	28001533
271000	28296754
272000	28131250
273000	28214566
274000	28355279
275000	28532030
276000	28684873
277000	28802800
278000	28952483
279000	29062189
280000	30045663
281000	29849932
282000	29440293
283000	29440983
284000	30766737
285000	29769849
286000	29929349
287000	30072509
288000	29960135
289000	30352046
290000	31476726
291000	31176965
292000	31032255
293000	30904937
294000	30929095
295000	30964644
296000	31670218
297000	32356398
298000	31917967
299000	32538980
300000	32617615
301000	31662746
302000	32023806
303000	32531794
304000	32390549
305000	32269369
306000	32409294
307000	32468250
308000	32719610
309000	32478005
310000	32659342
311000	32825007
312000	32872985
313000	33482646
314000	33380140
315000	33227739
316000	33729444
317000	33782001
318000	33674230
319000	33903225
320000	34177508
321000	34365495
322000	34247978
323000	34345095
324000	34225866
325000	35224745
326000	34495971
327000	34508838
328000	34696232
329000	34769446
330000	34907990
331000	35338786
332000	35225662
333000	35601131
334000	35733397
335000	35570056
336000	36671464
337000	35906565
338000	35815965
339000	35882324
340000	36015425
341000	36171127
342000	36240815
343000	36322379
344000	36500770
345000	36793152
346000	36950882
347000	37183903
348000	37265183
349000	38548558
350000	37821784
351000	37845249
352000	37677032
353000	39179251
354000	38351265
355000	38554252
356000	39764638
357000	43180192
358000	40575298
359000	40596510
360000	38701066
361000	38494488
362000	40826970
363000	38861288
364000	39035162
365000	39180551
366000	39473498
367000	40369444
368000	44057828
369000	43317597
370000	40123091
371000	40130054
372000	40151346
373000	40104526
374000	40297614
375000	40377465
376000	40590298
377000	41805619
378000	41833366
379000	42039473
380000	41956148
381000	43022135
382000	41859939
383000	41626284
384000	41870027
385000	42430701
386000	42595412
387000	41965216
388000	42086149
389000	42256779
390000	42854403
391000	43086001
392000	42466988
393000	42361537
394000	43597265
395000	42778203
396000	43065847
397000	43081995
398000	43328244
399000	43748700
400000	44875972
401000	43661159
402000	43794306
403000	43576203
404000	43825946
405000	44577770
406000	44839909
407000	44562821
408000	44506615
409000	44814003
410000	44855059
411000	44956781
412000	44962101
413000	45501230
414000	45382044
415000	45778794
416000	46418401
417000	45651824
418000	45769000
419000	46553047
420000	46263991
421000	46464022
422000	46117365
423000	46603422
424000	46306972
425000	46376718
426000	46627450
427000	46710996
428000	47424871
429000	52861522
430000	54028342
431000	49595685
432000	51486786
433000	49164209
434000	51221391
435000	48403358
436000	48989977
437000	49110318
438000	50031319
439000	48673849
440000	49267906
441000	49149005
442000	49487148
443000	48926258
444000	48831385
445000	52320128
446000	49127500
447000	49015968
448000	49178437
449000	49754175
450000	50162575
451000	49473631
452000	49850579
453000	50117179
454000	50413780
455000	50262099
456000	51767939
457000	54000815
458000	50869026
459000	50777305
460000	51535046
461000	52424372
462000	58433700
463000	52768486
464000	52000261
465000	52160424
466000	52713650
467000	53026041
468000	53365207
469000	54799643
470000	52916591
471000	53052811
472000	53714451
473000	52679992
474000	52456045
475000	52723765
476000	52713656
477000	52830449
478000	53015491
479000	53089516
480000	53359321
481000	54272156
482000	56769640
483000	53781611
484000	53977553
485000	53652672
486000	53735536
487000	55655417
488000	54135932
489000	55766551
490000	56678918
491000	56394239
492000	55474697
493000	54696237
494000	54557066
495000	54844773
496000	55069832
497000	55196308
498000	55655812
499000	55249971
500000	55410584
501000	55597527
502000	55551605
503000	55667101
504000	55941520
505000	56116415
506000	56124279
507000	56661839
508000	56424948
509000	56915924
510000	56819832
511000	56696268
512000	57039827
513000	56130205
514000	57547106
515000	57267937
516000	56810242
517000	56559679
518000	57214599
519000	56711778
520000	56849991
521000	57075773
522000	58045137
523000	57300673
524000	57374434
525000	57455316
526000	57746018
527000	57993705
528000	58250465
529000	58758259
530000	58498126
531000	59689797
532000	58842094
533000	58921230
534000	60435601
535000	59114083
536000	59115817
537000	59476248
538000	59269812
539000	59373039
540000	59480306
541000	59818085
542000	59628365
543000	59847271
544000	60118288
545000	60736362
546000	61950688
547000	61665209
548000	60849428
549000	60902966
550000	60970785
551000	61530879
552000	61038559
553000	61219099
554000	63859500
555000	64743375
556000	62096388
557000	62395841
558000	62858157
559000	62235898
560000	62507588
561000	63581918
562000	62566323
563000	62581131
564000	62814296
565000	62665159
566000	63009699
567000	66405628
568000	64448796
569000	72947114
570000	65616071
571000	66062674
572000	64946659
573000	64526798
574000	65095565
575000	65608775
576000	64837286
577000	64692993
578000	64328345
579000	64829788
580000	64366674
581000	64572085
582000	65243887
583000	65034600
584000	65286585
585000	65553772
586000	65764339
587000	65616704
588000	65690102
589000	65402922
590000	66224825
591000	66106041
592000	66284708
593000	66984495
594000	66119417
595000	69481386
596000	66863190
597000	67282508
598000	66850668
599000	68248643
600000	66829740
601000	66852860
602000	67222030
603000	68722709
604000	68630278
605000	67629979
606000	68139258
607000	68444498
608000	68289790
609000	69343353
610000	68540738
611000	69671640
612000	68556101
613000	70214479
614000	68639083
615000	68786989
616000	69048628
617000	68975548
618000	70276981
619000	70414009
620000	70223345
621000	69843031
622000	73498187
623000	71006538
624000	70699438
625000	69997659
626000	70756636
627000	70640955
628000	72126262
629000	71935617
630000	71077297
631000	71449575
632000	71314714
633000	71150287
634000	71071494
635000	71288463
636000	71249512
637000	72239111
638000	72349431
639000	73117630
640000	72654600
641000	71864191
642000	72697568
643000	72964866
644000	73046807
645000	72762451
646000	72518393
647000	73927398
648000	73526989
649000	73216446
650000	73067664
651000	73289087
652000	73214854
653000	73740589
654000	73481624
655000	73646962
656000	75057164
657000	74043026
658000	73844593
659000	73919279
660000	74581699
661000	79251191
662000	75617597
663000	76071007
664000	74917894
665000	80763777
666000	78947282
667000	76312216
668000	77169070
669000	78363198
670000	75578150
671000	75493119
672000	75502586
673000	76257017
674000	76806974
675000	76915405
676000	76444012
677000	77018819
678000	77822328
679000	77408682
680000	76428267
681000	77044889
682000	76828841
683000	76932465
684000	77596440
685000	77335274
686000	77208364
687000	77281559
688000	77449636
689000	77696084
690000	77940920
691000	77849173
692000	78576635
693000	80027664
694000	78013285
695000	78141706
696000	78726202
697000	78945531
698000	79068464
699000	79417608
700000	78989318
701000	81841029
702000	81010145
703000	82949498
704000	89461104
705000	82378668
706000	83546684
707000	82382141
708000	81433191
709000	81727889
710000	81162062
711000	80691541
712000	81549944
713000	86089013
714000	82773423
715000	82463981
716000	81261346
717000	85012052
718000	81438517
719000	82601498
720000	83495801
721000	82452715
722000	82715478
723000	82492926
724000	82931924
725000	82980876
726000	82779609
727000	82643446
728000	85059043
729000	83065383
730000	85044373
731000	83364078
732000	90119636
733000	88345340
734000	84088786
735000	85670562
736000	83844733
737000	84318150
738000	84396775
739000	84448989
740000	84711400
741000	84501953
742000	87372944
743000	86777488
744000	84765854
745000	84773943
746000	85760558
747000	85165009
748000	85889632
749000	86051303
750000	90398014
751000	87414049
752000	86412875
753000	86122425
754000	87314557
755000	86368511
756000	86348778
757000	89072099
758000	90230989
759000	87247845
760000	90304346
761000	89050382
762000	89655460
763000	87616827
764000	93019629
765000	92073186
766000	91196958
767000	90851982
768000	91684470
769000	93492759
770000	92839423
771000	90794141
772000	89726295
773000	88565361
774000	90172617
775000	90390651
776000	90851073
777000	89851381
778000	93443487
779000	92632381
780000	90452843
781000	90096606
782000	90634597
783000	89988416
784000	89819007
785000	89988073
786000	90930067
787000	90082044
788000	90633749
789000	90484317
790000	90547939
791000	90558589
792000	91131231
793000	90829051
794000	91067677
795000	91219933
796000	91452914
797000	91538307
798000	92166520
799000	95462284
800000	93919893
801000	93874183
802000	92736125
803000	93379903
804000	92568514
805000	92566012
806000	93753041
807000	93315090
808000	93155740
809000	92731042
810000	92937177
811000	95612211
812000	103667057
813000	106660800
814000	100047493
815000	102008455
816000	97847063
817000	95971933
818000	96776348
819000	95269934
820000	95007352
821000	96998399
822000	96708629
823000	95441050
824000	97935959
825000	96571346
826000	95913525
827000	96299180
828000	95885509
829000	97351949
830000	95990459
831000	97411073
832000	96042475
833000	96588416
834000	97190652
835000	99150848
836000	96973452
837000	98339385
838000	97354974
839000	97060348
840000	97232871
841000	97183389
842000	99097340
843000	101427554
844000	100913351
845000	100981649
846000	103092943
847000	106644339
848000	99895091
849000	99244985
850000	99183262
851000	98536581
852000	99235808
853000	101788901
854000	109787428
855000	99638515
856000	102878285
857000	101386550
858000	103976917
859000	105576822
860000	99615335
861000	99780376
862000	99689115
863000	99529472
864000	99673053
865000	99929756
866000	100189771
867000	100243653
868000	106983129
869000	100332072
870000	101815635
871000	100635809
872000	101310399
873000	102800012
874000	107330097
875000	105481279
876000	104866752
877000	105671672
878000	102912424
879000	102483962
880000	109397654
881000	102797724
882000	102362834
883000	102556615
884000	103437773
885000	103353449
886000	104542377
887000	108703177
888000	105275936
889000	103838481
890000	105143280
891000	104087820
892000	104438759
893000	105362494
894000	107176714
895000	108216393
896000	104059082
897000	105528736
898000	105161975
899000	105805628
900000	105804382
901000	107016311
902000	105903081
903000	106762489
904000	110305623
905000	105408960
906000	111109263
907000	107131425
908000	105542489
909000	107869194
910000	111659467
911000	107908253
912000	106712833
913000	106552294
914000	106485490
915000	108362439
916000	108341907
917000	109213783
918000	107486963
919000	111590831
920000	108098899
921000	108776431
922000	107572216
923000	108834617
924000	110440018
925000	109023026
926000	108977126
927000	109979058
928000	108858343
929000	110420467
930000	112847901
931000	111511098
932000	109889405
933000	110354637
934000	109459841
935000	112491462
936000	110400778
937000	113125664
938000	111178233
939000	112024451
940000	110783972
941000	111120778
942000	112816642
943000	114522158
944000	114481794
945000	112312013
946000	112251951
947000	112969833
948000	112859725
949000	111178571
950000	113015823
951000	114048889
952000	116560059
953000	113448091
954000	114885574
955000	115739620
956000	114756989
957000	113960814
958000	112390909
959000	112442689
960000	112716230
961000	113613756
962000	113306370
963000	114069292
964000	114411053
965000	114624828
966000	114694845
967000	115055773
968000	114174608
969000	113843906
970000	115774717
971000	114302594
972000	116213060
973000	119211553
974000	116608677
975000	120413690
976000	126832126
977000	120939785
978000	116784085
979000	116400217
980000	116999395
981000	116963682
982000	116131168
983000	115714274
984000	116367013
985000	116193269
986000	116752767
987000	117823772
988000	117593955
989000	118863928
990000	118816536
991000	118161115
992000	118974639
993000	117691349
994000	118848517
995000	117119019
996000	117493633
997000	117560614
998000	117728822
999000	117752447
1000000	117651632
